# BEGIN PLOT
DrawOnly=emubB_homemade_scales.yoda/ATLAS_sherpa/HT WWbBSherpa2DScatter.yoda/ATLAS_sherpa/HT WWbBPOWHEGScatter.yoda/ATLAS_sherpa/HT
Title=$W^+W^-b \bar{b}$ cross-section vs. final state pT sum
RatioPlotReference=emubB_homemade_scales.yoda/ATLAS_sherpa/HT
RatioPlot=1
LogY=1
LegendXPos=0.65
XLabel=$H_T$
YLabel=$\mathrm{d}\sigma/{dH_T}$ [pb]
Legend=1
# END PLOT

# BEGIN HISTO1D emubB_homemade_scales.yoda/ATLAS_sherpa/HT
CustomLegend=Herwig LO
ErrorBandColor=Gray
ErrorBandOpacity=0.1
ErrorBands=1
ErrorBars=0
LineColor={[HTML]{EE3311}}
LineStyle=solid
Path=emubB_homemade_scales.yoda/ATLAS_sherpa/HT
Title=emubB_homemade_scales
XLabel=$H_T$
YLabel=$\mathrm{d}\sigma/{dH_T}$ [pb]
# xlow	 xhigh	 val	 errminus	 errplus
0.000000e+00	2.000000e+01	0.000000e+00	0.000000e+00	0.000000e+00
2.000000e+01	4.000000e+01	0.000000e+00	0.000000e+00	0.000000e+00
4.000000e+01	6.000000e+01	6.811011e-02	1.939793e-02	3.104687e-02
6.000000e+01	8.000000e+01	1.783316e-01	5.084410e-02	7.676630e-02
8.000000e+01	1.000000e+02	2.002182e-01	5.628460e-02	8.464560e-02
1.000000e+02	1.200000e+02	1.623530e-01	4.578060e-02	7.170300e-02
1.200000e+02	1.400000e+02	1.115824e-01	3.165765e-02	4.903680e-02
1.400000e+02	1.600000e+02	7.140141e-02	2.048488e-02	3.465319e-02
1.600000e+02	1.800000e+02	4.521348e-02	1.301310e-02	2.059902e-02
1.800000e+02	2.000000e+02	2.956355e-02	9.062260e-03	1.198160e-02
2.000000e+02	2.200000e+02	1.935419e-02	5.733970e-03	1.052720e-02
2.200000e+02	2.400000e+02	1.271879e-02	3.864790e-03	7.320950e-03
2.400000e+02	2.600000e+02	8.647713e-03	2.672289e-03	5.089907e-03
2.600000e+02	2.800000e+02	6.111364e-03	1.953467e-03	3.650345e-03
2.800000e+02	3.000000e+02	4.227124e-03	1.293426e-03	2.092667e-03
3.000000e+02	3.200000e+02	3.062789e-03	9.459820e-04	1.814939e-03
3.200000e+02	3.400000e+02	2.224279e-03	6.756470e-04	1.469345e-03
3.400000e+02	3.600000e+02	1.683130e-03	5.789840e-04	7.590810e-04
3.600000e+02	3.800000e+02	1.222926e-03	3.742837e-04	7.182660e-04
3.800000e+02	4.000000e+02	9.249780e-04	3.285467e-04	1.069376e-03
4.000000e+02	4.200000e+02	7.303529e-04	2.501529e-04	2.176159e-04
4.200000e+02	4.400000e+02	5.158486e-04	1.508929e-04	3.856079e-04
4.400000e+02	4.600000e+02	4.740676e-04	1.956379e-04	1.201331e-04
4.600000e+02	4.800000e+02	3.322004e-04	1.138470e-04	4.645930e-05
4.800000e+02	5.000000e+02	2.474057e-04	4.556000e-05	1.384854e-04
5.000000e+02	5.200000e+02	1.940372e-04	6.455010e-05	1.479293e-04
5.200000e+02	5.400000e+02	1.666745e-04	5.739350e-05	7.528840e-05
5.400000e+02	5.600000e+02	1.211513e-04	3.209793e-05	1.329888e-04
5.600000e+02	5.800000e+02	9.655913e-05	3.426911e-05	2.046566e-04
5.800000e+02	6.000000e+02	8.834439e-05	2.875677e-05	4.733151e-05
6.000000e+02	6.200000e+02	6.627034e-05	1.913295e-05	1.081713e-04
6.200000e+02	6.400000e+02	5.716227e-05	2.245621e-05	2.684770e-06
6.400000e+02	6.600000e+02	4.869408e-05	1.957748e-05	1.388200e-07
6.600000e+02	6.800000e+02	4.603099e-05	2.750340e-05	3.608846e-05
6.800000e+02	7.000000e+02	3.289236e-05	1.059708e-05	1.061090e-05
7.000000e+02	7.200000e+02	2.357932e-05	5.837710e-06	1.916330e-06
7.200000e+02	7.400000e+02	1.795537e-05	6.837460e-06	1.256430e-06
7.400000e+02	7.600000e+02	1.384631e-05	2.389090e-06	0.000000e+00
7.600000e+02	7.800000e+02	1.383298e-05	2.995620e-06	2.448747e-05
7.800000e+02	8.000000e+02	9.366812e-06	1.674310e-07	5.686428e-06
8.000000e+02	8.200000e+02	1.233642e-05	4.152605e-06	2.516555e-05
8.200000e+02	8.400000e+02	6.339815e-06	1.220976e-06	1.980031e-05
8.400000e+02	8.600000e+02	5.400879e-06	0.000000e+00	3.092264e-06
8.600000e+02	8.800000e+02	5.239765e-06	8.298000e-07	0.000000e+00
8.800000e+02	9.000000e+02	5.516530e-06	2.205967e-06	0.000000e+00
9.000000e+02	9.200000e+02	3.739681e-06	1.570569e-06	1.978507e-05
9.200000e+02	9.400000e+02	4.645078e-06	2.436466e-06	0.000000e+00
9.400000e+02	9.600000e+02	1.752124e-06	1.061420e-07	9.395336e-06
9.600000e+02	9.800000e+02	2.329622e-06	9.982250e-07	0.000000e+00
9.800000e+02	1.000000e+03	2.298898e-06	1.400749e-06	0.000000e+00
1.000000e+03	1.020000e+03	1.890041e-06	8.763620e-07	1.444649e-06
1.020000e+03	1.040000e+03	1.932803e-06	5.567580e-07	2.151718e-06
1.040000e+03	1.060000e+03	8.300021e-07	1.198958e-07	1.152487e-07
1.060000e+03	1.080000e+03	8.521388e-07	3.611716e-07	4.229903e-06
1.080000e+03	1.100000e+03	1.315819e-06	8.400096e-07	6.566560e-07
1.100000e+03	1.120000e+03	1.087263e-06	1.179693e-07	3.484620e-07
1.120000e+03	1.140000e+03	7.532435e-07	5.500924e-07	0.000000e+00
1.140000e+03	1.160000e+03	3.873089e-07	6.380450e-08	2.035490e-08
1.160000e+03	1.180000e+03	8.577066e-07	6.099920e-07	6.444644e-07
1.180000e+03	1.200000e+03	5.234793e-07	2.709768e-07	8.642108e-06
# END HISTO1D

# BEGIN HISTO1D WWbBSherpa2DScatter.yoda/ATLAS_sherpa/HT
ErrorBars=1
LineColor={[HTML]{3366FF}}
LineStyle=solid
Path=WWbBSherpa2DScatter.yoda/ATLAS_sherpa/HT
Title=WWbBSherpa2DScatter
# xlow	 xhigh	 val	 errminus	 errplus
0.000000e+00	2.000000e+01	0.000000e+00	0.000000e+00	0.000000e+00
2.000000e+01	4.000000e+01	0.000000e+00	0.000000e+00	0.000000e+00
4.000000e+01	6.000000e+01	6.796058e-02	1.858603e-04	1.858603e-04
6.000000e+01	8.000000e+01	1.786724e-01	3.040700e-04	3.040700e-04
8.000000e+01	1.000000e+02	1.997797e-01	3.146933e-04	3.146933e-04
1.000000e+02	1.200000e+02	1.623427e-01	2.744843e-04	2.744843e-04
1.200000e+02	1.400000e+02	1.117304e-01	2.190487e-04	2.190487e-04
1.400000e+02	1.600000e+02	7.155453e-02	1.704027e-04	1.704027e-04
1.600000e+02	1.800000e+02	4.567462e-02	1.337460e-04	1.337460e-04
1.800000e+02	2.000000e+02	2.941103e-02	1.060058e-04	1.060058e-04
2.000000e+02	2.200000e+02	1.932264e-02	8.372515e-05	8.372515e-05
2.200000e+02	2.400000e+02	1.285822e-02	6.751850e-05	6.751850e-05
2.400000e+02	2.600000e+02	8.817108e-03	5.563541e-05	5.563541e-05
2.600000e+02	2.800000e+02	6.095326e-03	4.615478e-05	4.615478e-05
2.800000e+02	3.000000e+02	4.302188e-03	3.894536e-05	3.894536e-05
3.000000e+02	3.200000e+02	3.086929e-03	3.270055e-05	3.270055e-05
3.200000e+02	3.400000e+02	2.247144e-03	2.838742e-05	2.838742e-05
3.400000e+02	3.600000e+02	1.649125e-03	2.414478e-05	2.414478e-05
3.600000e+02	3.800000e+02	1.259288e-03	2.149789e-05	2.149789e-05
3.800000e+02	4.000000e+02	9.327807e-04	1.787622e-05	1.787622e-05
4.000000e+02	4.200000e+02	7.206343e-04	1.586722e-05	1.586722e-05
4.200000e+02	4.400000e+02	5.295616e-04	1.353193e-05	1.353193e-05
4.400000e+02	4.600000e+02	4.121627e-04	1.200828e-05	1.200828e-05
4.600000e+02	4.800000e+02	3.345553e-04	1.070834e-05	1.070834e-05
4.800000e+02	5.000000e+02	2.602721e-04	8.947253e-06	8.947253e-06
5.000000e+02	5.200000e+02	2.012631e-04	7.851648e-06	7.851648e-06
5.200000e+02	5.400000e+02	1.593949e-04	7.372790e-06	7.372790e-06
5.400000e+02	5.600000e+02	1.334717e-04	6.708130e-06	6.708130e-06
5.600000e+02	5.800000e+02	1.049071e-04	6.314611e-06	6.314611e-06
5.800000e+02	6.000000e+02	7.791516e-05	4.363666e-06	4.363666e-06
6.000000e+02	6.200000e+02	6.218159e-05	4.323258e-06	4.323258e-06
6.200000e+02	6.400000e+02	5.736782e-05	4.059065e-06	4.059065e-06
6.400000e+02	6.600000e+02	4.443422e-05	3.460815e-06	3.460815e-06
6.600000e+02	6.800000e+02	3.800523e-05	2.963040e-06	2.963040e-06
6.800000e+02	7.000000e+02	3.284496e-05	3.547818e-06	3.547818e-06
7.000000e+02	7.200000e+02	2.740243e-05	3.174684e-06	3.174684e-06
7.200000e+02	7.400000e+02	2.179865e-05	2.438485e-06	2.438485e-06
7.400000e+02	7.600000e+02	1.609320e-05	2.058196e-06	2.058196e-06
7.600000e+02	7.800000e+02	1.424871e-05	1.730501e-06	1.730501e-06
7.800000e+02	8.000000e+02	1.152450e-05	1.442518e-06	1.442518e-06
8.000000e+02	8.200000e+02	1.172899e-05	1.673667e-06	1.673667e-06
8.200000e+02	8.400000e+02	8.207177e-06	1.252798e-06	1.252798e-06
8.400000e+02	8.600000e+02	6.934807e-06	1.053167e-06	1.053167e-06
8.600000e+02	8.800000e+02	4.388114e-06	6.940556e-07	6.940556e-07
8.800000e+02	9.000000e+02	4.351517e-06	7.180920e-07	7.180920e-07
9.000000e+02	9.200000e+02	4.497313e-06	7.724715e-07	7.724715e-07
9.200000e+02	9.400000e+02	2.343451e-06	3.593245e-07	3.593245e-07
9.400000e+02	9.600000e+02	3.908751e-06	9.469239e-07	9.469239e-07
9.600000e+02	9.800000e+02	3.516735e-06	1.154810e-06	1.154810e-06
9.800000e+02	1.000000e+03	2.521302e-06	5.272101e-07	5.272101e-07
1.000000e+03	1.020000e+03	1.694525e-06	3.352125e-07	3.352125e-07
1.020000e+03	1.040000e+03	1.989891e-06	5.799149e-07	5.799149e-07
1.040000e+03	1.060000e+03	1.462084e-06	3.578171e-07	3.578171e-07
1.060000e+03	1.080000e+03	8.826068e-07	2.452377e-07	2.452377e-07
1.080000e+03	1.100000e+03	9.169763e-07	1.995834e-07	1.995834e-07
1.100000e+03	1.120000e+03	1.362183e-06	3.783658e-07	3.783658e-07
1.120000e+03	1.140000e+03	5.392041e-07	2.114326e-07	2.114326e-07
1.140000e+03	1.160000e+03	5.576815e-07	1.843190e-07	1.843190e-07
1.160000e+03	1.180000e+03	2.325203e-07	6.799966e-08	6.799966e-08
1.180000e+03	1.200000e+03	5.410516e-07	1.946827e-07	1.946827e-07
# END HISTO1D

# BEGIN HISTO1D WWbBPOWHEGScatter.yoda/ATLAS_sherpa/HT
ErrorBars=1
LineColor={[HTML]{109618}}
LineStyle=solid
Path=WWbBPOWHEGScatter.yoda/ATLAS_sherpa/HT
Title=WWbBPOWHEGScatter
# xlow	 xhigh	 val	 errminus	 errplus
0.000000e+00	2.000000e+01	0.000000e+00	0.000000e+00	0.000000e+00
2.000000e+01	4.000000e+01	0.000000e+00	0.000000e+00	0.000000e+00
4.000000e+01	6.000000e+01	6.667138e-02	2.203823e-04	2.203823e-04
6.000000e+01	8.000000e+01	1.765762e-01	3.586519e-04	3.586519e-04
8.000000e+01	1.000000e+02	1.976991e-01	3.794978e-04	3.794978e-04
1.000000e+02	1.200000e+02	1.597310e-01	3.411157e-04	3.411157e-04
1.200000e+02	1.400000e+02	1.101584e-01	2.832799e-04	2.832799e-04
1.400000e+02	1.600000e+02	7.071806e-02	2.269719e-04	2.269719e-04
1.600000e+02	1.800000e+02	4.487836e-02	1.808113e-04	1.808113e-04
1.800000e+02	2.000000e+02	2.880094e-02	1.448473e-04	1.448473e-04
2.000000e+02	2.200000e+02	1.887330e-02	1.172549e-04	1.172549e-04
2.200000e+02	2.400000e+02	1.239425e-02	9.502047e-05	9.502047e-05
2.400000e+02	2.600000e+02	8.495462e-03	7.866843e-05	7.866843e-05
2.600000e+02	2.800000e+02	5.945075e-03	6.580906e-05	6.580906e-05
2.800000e+02	3.000000e+02	4.120977e-03	5.479073e-05	5.479073e-05
3.000000e+02	3.200000e+02	2.926279e-03	4.617053e-05	4.617053e-05
3.200000e+02	3.400000e+02	2.245885e-03	4.044834e-05	4.044834e-05
3.400000e+02	3.600000e+02	1.578603e-03	3.391122e-05	3.391122e-05
3.600000e+02	3.800000e+02	1.146618e-03	2.890123e-05	2.890123e-05
3.800000e+02	4.000000e+02	8.989367e-04	2.559007e-05	2.559007e-05
4.000000e+02	4.200000e+02	6.913217e-04	2.244125e-05	2.244125e-05
4.200000e+02	4.400000e+02	5.143025e-04	1.935603e-05	1.935603e-05
4.400000e+02	4.600000e+02	4.567531e-04	1.824096e-05	1.824096e-05
4.600000e+02	4.800000e+02	3.139722e-04	1.512351e-05	1.512351e-05
4.800000e+02	5.000000e+02	2.520520e-04	1.355040e-05	1.355040e-05
5.000000e+02	5.200000e+02	2.054296e-04	1.223316e-05	1.223316e-05
5.200000e+02	5.400000e+02	1.420524e-04	1.017259e-05	1.017259e-05
5.400000e+02	5.600000e+02	1.303968e-04	9.746316e-06	9.746316e-06
5.600000e+02	5.800000e+02	1.092711e-04	8.921946e-06	8.921946e-06
5.800000e+02	6.000000e+02	8.595991e-05	7.913252e-06	7.913252e-06
6.000000e+02	6.200000e+02	5.245012e-05	6.181306e-06	6.181306e-06
6.200000e+02	6.400000e+02	5.682096e-05	6.433707e-06	6.433707e-06
6.400000e+02	6.600000e+02	4.006606e-05	5.402507e-06	5.402507e-06
6.600000e+02	6.800000e+02	3.642369e-05	5.151088e-06	5.151088e-06
6.800000e+02	7.000000e+02	3.715217e-05	5.202344e-06	5.202344e-06
7.000000e+02	7.200000e+02	1.894032e-05	3.714503e-06	3.714503e-06
7.200000e+02	7.400000e+02	1.966879e-05	3.785261e-06	3.785261e-06
7.400000e+02	7.600000e+02	2.039727e-05	3.854722e-06	3.854722e-06
7.600000e+02	7.800000e+02	1.238406e-05	3.003575e-06	3.003575e-06
7.800000e+02	8.000000e+02	1.456948e-05	3.257834e-06	3.257834e-06
8.000000e+02	8.200000e+02	5.099317e-06	1.927361e-06	1.927361e-06
8.200000e+02	8.400000e+02	9.470160e-06	2.626550e-06	2.626550e-06
8.400000e+02	8.600000e+02	8.013212e-06	2.416075e-06	2.416075e-06
8.600000e+02	8.800000e+02	5.827791e-06	2.060435e-06	2.060435e-06
8.800000e+02	9.000000e+02	4.370843e-06	1.784389e-06	1.784389e-06
9.000000e+02	9.200000e+02	3.642369e-06	1.628917e-06	1.628917e-06
9.200000e+02	9.400000e+02	4.370843e-06	1.784389e-06	1.784389e-06
9.400000e+02	9.600000e+02	3.642369e-06	1.628917e-06	1.628917e-06
9.600000e+02	9.800000e+02	1.456948e-06	1.030217e-06	1.030217e-06
9.800000e+02	1.000000e+03	0.000000e+00	0.000000e+00	0.000000e+00
1.000000e+03	1.020000e+03	2.913895e-06	1.456948e-06	1.456948e-06
1.020000e+03	1.040000e+03	1.456948e-06	1.030217e-06	1.030217e-06
1.040000e+03	1.060000e+03	2.185422e-06	1.261754e-06	1.261754e-06
1.060000e+03	1.080000e+03	0.000000e+00	0.000000e+00	0.000000e+00
1.080000e+03	1.100000e+03	1.456948e-06	1.030217e-06	1.030217e-06
1.100000e+03	1.120000e+03	1.456948e-06	1.030217e-06	1.030217e-06
1.120000e+03	1.140000e+03	0.000000e+00	0.000000e+00	0.000000e+00
1.140000e+03	1.160000e+03	0.000000e+00	0.000000e+00	0.000000e+00
1.160000e+03	1.180000e+03	7.284739e-07	7.284739e-07	7.284739e-07
1.180000e+03	1.200000e+03	0.000000e+00	0.000000e+00	0.000000e+00
# END HISTO1D

