# BEGIN PLOT
DrawOnly=Rivet_ATLASH_FULL_100000.yoda/ATLAS_histo/PtMiss Rivet_ATLASH_WW_100000.yoda/ATLAS_histo/PtMiss Rivet_ATLASH_TTBA_100000.yoda/ATLAS_histo/PtMiss
RatioPlotReference=Rivet_ATLASH_FULL_100000.yoda/ATLAS_histo/PtMiss
RatioPlot=1
LogY=1
XLabel=Missing transverse momentum $\mathrm{p}_\mathrm{T, miss}$ [GeV]
YLabel=$\mathrm{d}\sigma/\mathrm{dp}_{\mathrm{T, miss}}$ [pb]
Legend=1
# END PLOT

# BEGIN HISTO1D Rivet_ATLASH_FULL_100000.yoda/ATLAS_histo/PtMiss
ErrorBars=1
LineColor={[HTML]{EE3311}}
LineStyle=solid
Path=Rivet_ATLASH_FULL_100000.yoda/ATLAS_histo/PtMiss
ScaledBy=9.1029662776149012e-05
Title=Rivet_ATLASH_FULL_100000
XLabel=
YLabel=
# xlow	 xhigh	 val	 errminus	 errplus
0.000000e+00	1.500000e+01	0.000000e+00	0.000000e+00	0.000000e+00
1.500000e+01	3.000000e+01	5.112946e-03	8.866972e-05	8.866972e-05
3.000000e+01	4.500000e+01	9.789180e-03	1.226910e-04	1.226910e-04
4.500000e+01	6.000000e+01	1.104858e-02	1.303446e-04	1.303446e-04
6.000000e+01	7.500000e+01	1.080869e-02	1.289218e-04	1.289218e-04
7.500000e+01	9.000000e+01	9.380140e-03	1.201004e-04	1.201004e-04
9.000000e+01	1.050000e+02	7.135060e-03	1.047463e-04	1.047463e-04
1.050000e+02	1.200000e+02	5.175993e-03	8.921475e-05	8.921475e-05
1.200000e+02	1.350000e+02	3.233842e-03	7.051786e-05	7.051786e-05
1.350000e+02	1.500000e+02	1.914471e-03	5.425806e-05	5.425806e-05
1.500000e+02	1.650000e+02	1.168673e-03	4.239224e-05	4.239224e-05
1.650000e+02	1.800000e+02	6.719873e-04	3.214551e-05	3.214551e-05
1.800000e+02	1.950000e+02	4.444035e-04	2.614138e-05	2.614138e-05
1.950000e+02	2.100000e+02	2.691024e-04	2.034223e-05	2.034223e-05
2.100000e+02	2.250000e+02	1.845274e-04	1.684497e-05	1.684497e-05
2.250000e+02	2.400000e+02	1.137919e-04	1.322804e-05	1.322804e-05
2.400000e+02	2.550000e+02	5.382049e-05	9.097323e-06	9.097323e-06
2.550000e+02	2.700000e+02	3.536775e-05	7.374686e-06	7.374686e-06
2.700000e+02	2.850000e+02	4.151866e-05	7.990269e-06	7.990269e-06
2.850000e+02	3.000000e+02	1.537728e-05	4.862724e-06	4.862724e-06
# END HISTO1D

# BEGIN HISTO1D Rivet_ATLASH_WW_100000.yoda/ATLAS_histo/PtMiss
ErrorBars=1
LineColor={[HTML]{3366FF}}
LineStyle=solid
Path=Rivet_ATLASH_WW_100000.yoda/ATLAS_histo/PtMiss
ScaledBy=0.0022271237432898465
Title=Rivet_ATLASH_WW_100000
XLabel=
YLabel=
# xlow	 xhigh	 val	 errminus	 errplus
0.000000e+00	1.500000e+01	0.000000e+00	0.000000e+00	0.000000e+00
1.500000e+01	3.000000e+01	6.048305e-03	1.030928e-04	1.030928e-04
3.000000e+01	4.500000e+01	1.134629e-02	1.412012e-04	1.412012e-04
4.500000e+01	6.000000e+01	1.171178e-02	1.434574e-04	1.434574e-04
6.000000e+01	7.500000e+01	1.126018e-02	1.406644e-04	1.406644e-04
7.500000e+01	9.000000e+01	8.648973e-03	1.232803e-04	1.232803e-04
9.000000e+01	1.050000e+02	6.271471e-03	1.049775e-04	1.049775e-04
1.050000e+02	1.200000e+02	4.229597e-03	8.621065e-05	8.621065e-05
1.200000e+02	1.350000e+02	2.709613e-03	6.900254e-05	6.900254e-05
1.350000e+02	1.500000e+02	1.764235e-03	5.567878e-05	5.567878e-05
1.500000e+02	1.650000e+02	1.047295e-03	4.289888e-05	4.289888e-05
1.650000e+02	1.800000e+02	5.658206e-04	3.153195e-05	3.153195e-05
1.800000e+02	1.950000e+02	3.865855e-04	2.606359e-05	2.606359e-05
1.950000e+02	2.100000e+02	2.266797e-04	1.995803e-05	1.995803e-05
2.100000e+02	2.250000e+02	1.458481e-04	1.600892e-05	1.600892e-05
2.250000e+02	2.400000e+02	7.380267e-05	1.138800e-05	1.138800e-05
2.400000e+02	2.550000e+02	6.150223e-05	1.039577e-05	1.039577e-05
2.550000e+02	2.700000e+02	4.041575e-05	8.427268e-06	8.427268e-06
2.700000e+02	2.850000e+02	3.338693e-05	7.659486e-06	7.659486e-06
2.850000e+02	3.000000e+02	2.284369e-05	6.335699e-06	6.335699e-06
# END HISTO1D

# BEGIN HISTO1D Rivet_ATLASH_TTBA_100000.yoda/ATLAS_histo/PtMiss
ErrorBars=1
LineColor={[HTML]{109618}}
LineStyle=solid
Path=Rivet_ATLASH_TTBA_100000.yoda/ATLAS_histo/PtMiss
ScaledBy=0.0017185625777299746
Title=Rivet_ATLASH_TTBA_100000
XLabel=
YLabel=
# xlow	 xhigh	 val	 errminus	 errplus
0.000000e+00	1.500000e+01	0.000000e+00	0.000000e+00	0.000000e+00
1.500000e+01	3.000000e+01	5.075323e-03	8.295715e-05	8.295715e-05
3.000000e+01	4.500000e+01	9.912000e-03	1.159318e-04	1.159318e-04
4.500000e+01	6.000000e+01	1.115405e-02	1.229811e-04	1.229811e-04
6.000000e+01	7.500000e+01	1.071743e-02	1.205500e-04	1.205500e-04
7.500000e+01	9.000000e+01	9.271993e-03	1.121265e-04	1.121265e-04
9.000000e+01	1.050000e+02	7.242133e-03	9.909578e-05	9.909578e-05
1.050000e+02	1.200000e+02	5.022441e-03	8.252383e-05	8.252383e-05
1.200000e+02	1.350000e+02	3.232586e-03	6.620594e-05	6.620594e-05
1.350000e+02	1.500000e+02	1.934941e-03	5.122192e-05	5.122192e-05
1.500000e+02	1.650000e+02	1.153914e-03	3.955566e-05	3.955566e-05
1.650000e+02	1.800000e+02	7.308573e-04	3.148026e-05	3.148026e-05
1.800000e+02	1.950000e+02	4.311923e-04	2.418007e-05	2.418007e-05
1.950000e+02	2.100000e+02	2.684782e-04	1.907992e-05	1.907992e-05
2.100000e+02	2.250000e+02	1.640700e-04	1.491546e-05	1.491546e-05
2.250000e+02	2.400000e+02	1.030523e-04	1.182090e-05	1.182090e-05
2.400000e+02	2.550000e+02	6.915347e-05	9.683425e-06	9.683425e-06
2.550000e+02	2.700000e+02	4.067852e-05	7.426846e-06	7.426846e-06
2.700000e+02	2.850000e+02	3.254281e-05	6.642774e-06	6.642774e-06
2.850000e+02	3.000000e+02	2.169521e-05	5.423802e-06	5.423802e-06
# END HISTO1D

