# BEGIN PLOT
DrawOnly=Rivet_ATLASH_FULL_100000.yoda/ATLAS_histo/deltaRb Rivet_ATLASH_WW_100000.yoda/ATLAS_histo/deltaRb Rivet_ATLASH_TTBA_100000.yoda/ATLAS_histo/deltaRb
RatioPlotReference=Rivet_ATLASH_FULL_100000.yoda/ATLAS_histo/deltaRb
RatioPlot=1
LogY=1
LegendXPos=0.1
XLabel=Separation of the two b-jets $\Delta \mathrm{R}_{\mathrm{bb}}$
YLabel=$\mathrm{d}\sigma/\Delta \mathrm{R}$ [pb]
Legend=1
# END PLOT

# BEGIN HISTO1D Rivet_ATLASH_FULL_100000.yoda/ATLAS_histo/deltaRb
ErrorBars=1
LineColor={[HTML]{EE3311}}
LineStyle=solid
Path=Rivet_ATLASH_FULL_100000.yoda/ATLAS_histo/deltaRb
ScaledBy=0.00014688476998651068
Title=Rivet_ATLASH_FULL_100000
XLabel=
YLabel=
# xlow	 xhigh	 val	 errminus	 errplus
0.000000e+00	2.000000e-01	0.000000e+00	0.000000e+00	0.000000e+00
2.000000e-01	4.000000e-01	0.000000e+00	0.000000e+00	0.000000e+00
4.000000e-01	6.000000e-01	2.009826e-02	1.933956e-03	1.933956e-03
6.000000e-01	8.000000e-01	1.094238e-01	4.512564e-03	4.512564e-03
8.000000e-01	1.000000e+00	1.578086e-01	5.419167e-03	5.419167e-03
1.000000e+00	1.200000e+00	1.911196e-01	5.963757e-03	5.963757e-03
1.200000e+00	1.400000e+00	2.192199e-01	6.387153e-03	6.387153e-03
1.400000e+00	1.600000e+00	2.376433e-01	6.650130e-03	6.650130e-03
1.600000e+00	1.800000e+00	2.776537e-01	7.188183e-03	7.188183e-03
1.800000e+00	2.000000e+00	3.292020e-01	7.827059e-03	7.827059e-03
2.000000e+00	2.200000e+00	3.647461e-01	8.238776e-03	8.238776e-03
2.200000e+00	2.400000e+00	4.017791e-01	8.646911e-03	8.646911e-03
2.400000e+00	2.600000e+00	4.546300e-01	9.198064e-03	9.198064e-03
2.600000e+00	2.800000e+00	4.959432e-01	9.606900e-03	9.606900e-03
2.800000e+00	3.000000e+00	5.519575e-01	1.013492e-02	1.013492e-02
3.000000e+00	3.200000e+00	5.409780e-01	1.003361e-02	1.003361e-02
3.200000e+00	3.400000e+00	2.834227e-01	7.262474e-03	7.262474e-03
3.400000e+00	3.600000e+00	1.542727e-01	5.358113e-03	5.358113e-03
3.600000e+00	3.800000e+00	9.025605e-02	4.098317e-03	4.098317e-03
3.800000e+00	4.000000e+00	5.582850e-02	3.223260e-03	3.223260e-03
# END HISTO1D

# BEGIN HISTO1D Rivet_ATLASH_WW_100000.yoda/ATLAS_histo/deltaRb
ErrorBars=1
LineColor={[HTML]{3366FF}}
LineStyle=solid
Path=Rivet_ATLASH_WW_100000.yoda/ATLAS_histo/deltaRb
ScaledBy=0.0065698505323603723
Title=Rivet_ATLASH_WW_100000
XLabel=
YLabel=
# xlow	 xhigh	 val	 errminus	 errplus
0.000000e+00	2.000000e-01	0.000000e+00	0.000000e+00	0.000000e+00
2.000000e-01	4.000000e-01	0.000000e+00	0.000000e+00	0.000000e+00
4.000000e-01	6.000000e-01	2.488143e-02	3.110178e-03	3.110178e-03
6.000000e-01	8.000000e-01	1.069123e-01	6.447059e-03	6.447059e-03
8.000000e-01	1.000000e+00	1.520100e-01	7.687474e-03	7.687474e-03
1.000000e+00	1.200000e+00	1.780577e-01	8.320090e-03	8.320090e-03
1.200000e+00	1.400000e+00	1.920535e-01	8.640895e-03	8.640895e-03
1.400000e+00	1.600000e+00	2.499805e-01	9.858271e-03	9.858271e-03
1.600000e+00	1.800000e+00	2.768059e-01	1.037374e-02	1.037374e-02
1.800000e+00	2.000000e+00	3.051862e-01	1.089256e-02	1.089256e-02
2.000000e+00	2.200000e+00	3.650571e-01	1.191319e-02	1.191319e-02
2.200000e+00	2.400000e+00	4.132649e-01	1.267541e-02	1.267541e-02
2.400000e+00	2.600000e+00	4.548635e-01	1.329806e-02	1.329806e-02
2.600000e+00	2.800000e+00	5.054040e-01	1.401738e-02	1.401738e-02
2.800000e+00	3.000000e+00	5.648860e-01	1.481931e-02	1.481931e-02
3.000000e+00	3.200000e+00	5.547780e-01	1.468613e-02	1.468613e-02
3.200000e+00	3.400000e+00	2.954669e-01	1.071771e-02	1.071771e-02
3.400000e+00	3.600000e+00	1.586191e-01	7.852815e-03	7.852815e-03
3.600000e+00	3.800000e+00	8.358605e-02	5.700520e-03	5.700520e-03
3.800000e+00	4.000000e+00	5.287305e-02	4.533825e-03	4.533825e-03
# END HISTO1D

# BEGIN HISTO1D Rivet_ATLASH_TTBA_100000.yoda/ATLAS_histo/deltaRb
ErrorBars=1
LineColor={[HTML]{109618}}
LineStyle=solid
Path=Rivet_ATLASH_TTBA_100000.yoda/ATLAS_histo/deltaRb
ScaledBy=0.0051543248762692872
Title=Rivet_ATLASH_TTBA_100000
XLabel=
YLabel=
# xlow	 xhigh	 val	 errminus	 errplus
0.000000e+00	2.000000e-01	0.000000e+00	0.000000e+00	0.000000e+00
2.000000e-01	4.000000e-01	0.000000e+00	0.000000e+00	0.000000e+00
4.000000e-01	6.000000e-01	2.470567e-02	2.745074e-03	2.745074e-03
6.000000e-01	8.000000e-01	1.030928e-01	5.607508e-03	5.607508e-03
8.000000e-01	1.000000e+00	1.613494e-01	7.015189e-03	7.015189e-03
1.000000e+00	1.200000e+00	1.671445e-01	7.140060e-03	7.140060e-03
1.200000e+00	1.400000e+00	1.939853e-01	7.692015e-03	7.692015e-03
1.400000e+00	1.600000e+00	2.336363e-01	8.441623e-03	8.441623e-03
1.600000e+00	1.800000e+00	2.790826e-01	9.226184e-03	9.226184e-03
1.800000e+00	2.000000e+00	3.220887e-01	9.911594e-03	9.911594e-03
2.000000e+00	2.200000e+00	3.556396e-01	1.041504e-02	1.041504e-02
2.200000e+00	2.400000e+00	4.166413e-01	1.127293e-02	1.127293e-02
2.400000e+00	2.600000e+00	4.434819e-01	1.163038e-02	1.163038e-02
2.600000e+00	2.800000e+00	5.163790e-01	1.254989e-02	1.254989e-02
2.800000e+00	3.000000e+00	5.517600e-01	1.297271e-02	1.297271e-02
3.000000e+00	3.200000e+00	5.752455e-01	1.324593e-02	1.324593e-02
3.200000e+00	3.400000e+00	2.857927e-01	9.336441e-03	9.336441e-03
3.400000e+00	3.600000e+00	1.549442e-01	6.874536e-03	6.874536e-03
3.600000e+00	3.800000e+00	9.302750e-02	5.326739e-03	5.326739e-03
3.800000e+00	4.000000e+00	5.551150e-02	4.114786e-03	4.114786e-03
# END HISTO1D

