# BEGIN PLOT
DrawOnly=johannes.yoda/ATLAS_histo/deltaRb Rivet_ATLASHNEW_FULL_CUTS.yoda/ATLAS_histo/deltaRb
RatioPlotReference=johannes.yoda/ATLAS_histo/deltaRb
RatioPlot=1
LogY=1
LegendXPos=0.1
XLabel=Separation of the two b-jets $\Delta \mathrm{R}_{\mathrm{bb}}$
YLabel=$\mathrm{d}\sigma/\Delta \mathrm{R}$ [pb]
Legend=1
# END PLOT

# BEGIN HISTO1D johannes.yoda/ATLAS_histo/deltaRb
ErrorBars=1
LineColor={[HTML]{EE3311}}
LineStyle=solid
Path=johannes.yoda/ATLAS_histo/deltaRb
Title=johannes
# xlow	 xhigh	 val	 errminus	 errplus
0.000000e+00	2.500000e-01	0.000000e+00	0.000000e+00	0.000000e+00
2.500000e-01	5.000000e-01	0.000000e+00	0.000000e+00	0.000000e+00
5.000000e-01	7.500000e-01	6.961049e-02	3.199917e-04	3.199917e-04
7.500000e-01	1.000000e+00	9.680879e-02	3.425322e-04	3.425322e-04
1.000000e+00	1.250000e+00	1.237382e-01	3.849339e-04	3.849339e-04
1.250000e+00	1.500000e+00	1.511826e-01	4.224225e-04	4.224225e-04
1.500000e+00	1.750000e+00	1.787195e-01	4.566446e-04	4.566446e-04
1.750000e+00	2.000000e+00	2.080781e-01	4.923512e-04	4.923512e-04
2.000000e+00	2.250000e+00	2.388423e-01	5.248159e-04	5.248159e-04
2.250000e+00	2.500000e+00	2.713210e-01	5.547326e-04	5.547326e-04
2.500000e+00	2.750000e+00	3.037201e-01	5.872135e-04	5.872135e-04
2.750000e+00	3.000000e+00	3.326049e-01	6.209123e-04	6.209123e-04
3.000000e+00	3.250000e+00	3.042685e-01	5.886780e-04	5.886780e-04
3.250000e+00	3.500000e+00	1.370805e-01	4.142641e-04	4.142641e-04
3.500000e+00	3.750000e+00	6.953510e-02	3.115803e-04	3.115803e-04
3.750000e+00	4.000000e+00	3.552054e-02	2.370463e-04	2.370463e-04
4.000000e+00	4.250000e+00	1.801871e-02	1.789066e-04	1.789066e-04
4.250000e+00	4.500000e+00	8.608359e-03	1.532287e-04	1.532287e-04
4.500000e+00	4.750000e+00	3.772100e-03	1.043047e-04	1.043047e-04
4.750000e+00	5.000000e+00	1.503743e-03	6.051119e-05	6.051119e-05
# END HISTO1D

# BEGIN HISTO1D Rivet_ATLASHNEW_FULL_CUTS.yoda/ATLAS_histo/deltaRb
ErrorBars=1
LineColor={[HTML]{3366FF}}
LineStyle=solid
Path=Rivet_ATLASHNEW_FULL_CUTS.yoda/ATLAS_histo/deltaRb
ScaledBy=7.6639354863602522e-06
Title=Rivet_ATLASHNEW_FULL_CUTS
XLabel=
YLabel=
# xlow	 xhigh	 val	 errminus	 errplus
0.000000e+00	2.500000e-01	0.000000e+00	0.000000e+00	0.000000e+00
2.500000e-01	5.000000e-01	3.065574e-05	3.065574e-05	3.065574e-05
5.000000e-01	7.500000e-01	7.688460e-02	1.535238e-03	1.535238e-03
7.500000e-01	1.000000e+00	1.123533e-01	1.855875e-03	1.855875e-03
1.000000e+00	1.250000e+00	1.389625e-01	2.063976e-03	2.063976e-03
1.250000e+00	1.500000e+00	1.722853e-01	2.298159e-03	2.298159e-03
1.500000e+00	1.750000e+00	2.003966e-01	2.478569e-03	2.478569e-03
1.750000e+00	2.000000e+00	2.274350e-01	2.640490e-03	2.640490e-03
2.000000e+00	2.250000e+00	2.609110e-01	2.828148e-03	2.828148e-03
2.250000e+00	2.500000e+00	2.797030e-01	2.928225e-03	2.928225e-03
2.500000e+00	2.750000e+00	3.130871e-01	3.098050e-03	3.098050e-03
2.750000e+00	3.000000e+00	3.347300e-01	3.203342e-03	3.203342e-03
3.000000e+00	3.250000e+00	2.988628e-01	3.026857e-03	3.026857e-03
3.250000e+00	3.500000e+00	1.388092e-01	2.062838e-03	2.062838e-03
3.500000e+00	3.750000e+00	7.274608e-02	1.493347e-03	1.493347e-03
3.750000e+00	4.000000e+00	3.635771e-02	1.055733e-03	1.055733e-03
4.000000e+00	4.250000e+00	2.026344e-02	7.881566e-04	7.881566e-04
4.250000e+00	4.500000e+00	8.154428e-03	4.999800e-04	4.999800e-04
4.500000e+00	4.750000e+00	4.291804e-03	3.627236e-04	3.627236e-04
4.750000e+00	5.000000e+00	1.716722e-03	2.294066e-04	2.294066e-04
# END HISTO1D

