# BEGIN PLOT
RatioPlotReference=WWbBLeptonS.yoda/ATLAS_sherpa/deltaRl
RatioPlot=1
DrawOnly=WWbBLeptonS.yoda/ATLAS_sherpa/deltaRl emubB_homemadeLeptonH.yoda/ATLAS_sherpa/deltaRl
Legend=1
LogY=1
# END PLOT

# BEGIN HISTO1D WWbBLeptonS.yoda/ATLAS_sherpa/deltaRl
ErrorBars=1
LineColor={[HTML]{EE3311}}
LineStyle=solid
Path=WWbBLeptonS.yoda/ATLAS_sherpa/deltaRl
ScaledBy=9.9919564750378098e-07
Title=WWbBLeptonS
XLabel=
YLabel=
# xlow	 xhigh	 val	 errminus	 errplus
0.000000e+00	1.000000e-01	1.272280e-02	1.424892e-03	1.424892e-03
1.000000e-01	2.000000e-01	4.115785e-02	2.628760e-03	2.628760e-03
2.000000e-01	3.000000e-01	6.157597e-02	3.187038e-03	3.187038e-03
3.000000e-01	4.000000e-01	8.885645e-02	4.012988e-03	4.012988e-03
4.000000e-01	5.000000e-01	1.216868e-01	4.660187e-03	4.660187e-03
5.000000e-01	6.000000e-01	1.434127e-01	4.902373e-03	4.902373e-03
6.000000e-01	7.000000e-01	1.738557e-01	5.719378e-03	5.719378e-03
7.000000e-01	8.000000e-01	1.965082e-01	5.991928e-03	5.991928e-03
8.000000e-01	9.000000e-01	2.243111e-01	6.213870e-03	6.213870e-03
9.000000e-01	1.000000e+00	2.717804e-01	7.540719e-03	7.540719e-03
1.000000e+00	1.100000e+00	2.746521e-01	7.190113e-03	7.190113e-03
1.100000e+00	1.200000e+00	3.106003e-01	7.551828e-03	7.551828e-03
1.200000e+00	1.300000e+00	3.175829e-01	7.783141e-03	7.783141e-03
1.300000e+00	1.400000e+00	3.539238e-01	8.535704e-03	8.535704e-03
1.400000e+00	1.500000e+00	3.821777e-01	8.536507e-03	8.536507e-03
1.500000e+00	1.600000e+00	3.959752e-01	9.573645e-03	9.573645e-03
1.600000e+00	1.700000e+00	4.165270e-01	8.910770e-03	8.910770e-03
1.700000e+00	1.800000e+00	4.480191e-01	9.057963e-03	9.057963e-03
1.800000e+00	1.900000e+00	4.881007e-01	9.985005e-03	9.985005e-03
1.900000e+00	2.000000e+00	5.087006e-01	1.011194e-02	1.011194e-02
2.000000e+00	2.100000e+00	5.111883e-01	9.551494e-03	9.551494e-03
2.100000e+00	2.200000e+00	5.430612e-01	9.652079e-03	9.652079e-03
2.200000e+00	2.300000e+00	5.603411e-01	1.031681e-02	1.031681e-02
2.300000e+00	2.400000e+00	5.889135e-01	1.072253e-02	1.072253e-02
2.400000e+00	2.500000e+00	5.894409e-01	9.625943e-03	9.625943e-03
2.500000e+00	2.600000e+00	6.167506e-01	1.023068e-02	1.023068e-02
2.600000e+00	2.700000e+00	6.192405e-01	1.007391e-02	1.007391e-02
2.700000e+00	2.800000e+00	6.290414e-01	9.806262e-03	9.806262e-03
2.800000e+00	2.900000e+00	6.520176e-01	1.010205e-02	1.010205e-02
2.900000e+00	3.000000e+00	6.699780e-01	1.076193e-02	1.076193e-02
3.000000e+00	3.100000e+00	6.778830e-01	1.019598e-02	1.019598e-02
3.100000e+00	3.200000e+00	5.707958e-01	9.249844e-03	9.249844e-03
3.200000e+00	3.300000e+00	3.664017e-01	7.747642e-03	7.747642e-03
3.300000e+00	3.400000e+00	2.728230e-01	6.585675e-03	6.585675e-03
3.400000e+00	3.500000e+00	1.971492e-01	5.467242e-03	5.467242e-03
3.500000e+00	3.600000e+00	1.458651e-01	4.924288e-03	4.924288e-03
3.600000e+00	3.700000e+00	1.175378e-01	4.660565e-03	4.660565e-03
3.700000e+00	3.800000e+00	8.241252e-02	3.261739e-03	3.261739e-03
3.800000e+00	3.900000e+00	6.048877e-02	2.793072e-03	2.793072e-03
3.900000e+00	4.000000e+00	4.085193e-02	2.363107e-03	2.363107e-03
4.000000e+00	4.100000e+00	3.664309e-02	2.668987e-03	2.668987e-03
4.100000e+00	4.200000e+00	2.790551e-02	2.225331e-03	2.225331e-03
4.200000e+00	4.300000e+00	1.792187e-02	1.532419e-03	1.532419e-03
4.300000e+00	4.400000e+00	1.413363e-02	1.501006e-03	1.501006e-03
4.400000e+00	4.500000e+00	9.563946e-03	1.188084e-03	1.188084e-03
4.500000e+00	4.600000e+00	6.807153e-03	1.020106e-03	1.020106e-03
4.600000e+00	4.700000e+00	3.749469e-03	5.576060e-04	5.576060e-04
4.700000e+00	4.800000e+00	3.243248e-03	7.482112e-04	7.482112e-04
4.800000e+00	4.900000e+00	1.634668e-03	5.034066e-04	5.034066e-04
4.900000e+00	5.000000e+00	1.618075e-03	5.688534e-04	5.688534e-04
# END HISTO1D

# BEGIN HISTO1D emubB_homemadeLeptonH.yoda/ATLAS_sherpa/deltaRl
ErrorBars=1
LineColor={[HTML]{3366FF}}
LineStyle=solid
Path=emubB_homemadeLeptonH.yoda/ATLAS_sherpa/deltaRl
ScaledBy=0.0043264140021885339
Title=emubB_homemadeLeptonH
XLabel=
YLabel=
# xlow	 xhigh	 val	 errminus	 errplus
0.000000e+00	1.000000e-01	1.239509e-02	1.517574e-03	1.517574e-03
1.000000e-01	2.000000e-01	4.299680e-02	3.504516e-03	3.504516e-03
2.000000e-01	3.000000e-01	6.408027e-02	3.699163e-03	3.699163e-03
3.000000e-01	4.000000e-01	9.457062e-02	4.693003e-03	4.693003e-03
4.000000e-01	5.000000e-01	1.186054e-01	5.401711e-03	5.401711e-03
5.000000e-01	6.000000e-01	1.502625e-01	5.982231e-03	5.982231e-03
6.000000e-01	7.000000e-01	1.723300e-01	6.523422e-03	6.523422e-03
7.000000e-01	8.000000e-01	1.911179e-01	6.655574e-03	6.655574e-03
8.000000e-01	9.000000e-01	2.222837e-01	6.784002e-03	6.784002e-03
9.000000e-01	1.000000e+00	2.524608e-01	8.570524e-03	8.570524e-03
1.000000e+00	1.100000e+00	2.805867e-01	8.441261e-03	8.441261e-03
1.100000e+00	1.200000e+00	2.996597e-01	8.778335e-03	8.778335e-03
1.200000e+00	1.300000e+00	3.258706e-01	8.570846e-03	8.570846e-03
1.300000e+00	1.400000e+00	3.401114e-01	8.912385e-03	8.912385e-03
1.400000e+00	1.500000e+00	3.776108e-01	9.854425e-03	9.854425e-03
1.500000e+00	1.600000e+00	4.065634e-01	1.035952e-02	1.035952e-02
1.600000e+00	1.700000e+00	4.360586e-01	1.068431e-02	1.068431e-02
1.700000e+00	1.800000e+00	4.709413e-01	1.203590e-02	1.203590e-02
1.800000e+00	1.900000e+00	4.738131e-01	1.095629e-02	1.095629e-02
1.900000e+00	2.000000e+00	4.850423e-01	1.095199e-02	1.095199e-02
2.000000e+00	2.100000e+00	5.255630e-01	1.108896e-02	1.108896e-02
2.100000e+00	2.200000e+00	5.450495e-01	1.075850e-02	1.075850e-02
2.200000e+00	2.300000e+00	5.631497e-01	1.123971e-02	1.123971e-02
2.300000e+00	2.400000e+00	5.873802e-01	1.204739e-02	1.204739e-02
2.400000e+00	2.500000e+00	5.821749e-01	1.149450e-02	1.149450e-02
2.500000e+00	2.600000e+00	6.218264e-01	1.164888e-02	1.164888e-02
2.600000e+00	2.700000e+00	5.998055e-01	1.354505e-02	1.354505e-02
2.700000e+00	2.800000e+00	6.445215e-01	1.182921e-02	1.182921e-02
2.800000e+00	2.900000e+00	6.400630e-01	1.130382e-02	1.130382e-02
2.900000e+00	3.000000e+00	6.611833e-01	1.470545e-02	1.470545e-02
3.000000e+00	3.100000e+00	6.373089e-01	1.082468e-02	1.082468e-02
3.100000e+00	3.200000e+00	5.812853e-01	1.154109e-02	1.154109e-02
3.200000e+00	3.300000e+00	3.529346e-01	8.218229e-03	8.218229e-03
3.300000e+00	3.400000e+00	2.738587e-01	1.028082e-02	1.028082e-02
3.400000e+00	3.500000e+00	2.222943e-01	7.816044e-03	7.816044e-03
3.500000e+00	3.600000e+00	1.493443e-01	5.851511e-03	5.851511e-03
3.600000e+00	3.700000e+00	1.131998e-01	4.909865e-03	4.909865e-03
3.700000e+00	3.800000e+00	8.072611e-02	4.100474e-03	4.100474e-03
3.800000e+00	3.900000e+00	7.159196e-02	7.444265e-03	7.444265e-03
3.900000e+00	4.000000e+00	4.480965e-02	2.882479e-03	2.882479e-03
4.000000e+00	4.100000e+00	3.363374e-02	2.479419e-03	2.479419e-03
4.100000e+00	4.200000e+00	2.444895e-02	1.995828e-03	1.995828e-03
4.200000e+00	4.300000e+00	1.544613e-02	1.491764e-03	1.491764e-03
4.300000e+00	4.400000e+00	1.213299e-02	1.210426e-03	1.210426e-03
4.400000e+00	4.500000e+00	1.018804e-02	1.527627e-03	1.527627e-03
4.500000e+00	4.600000e+00	5.902420e-03	8.249006e-04	8.249006e-04
4.600000e+00	4.700000e+00	3.891989e-03	7.141739e-04	7.141739e-04
4.700000e+00	4.800000e+00	1.820379e-03	2.909708e-04	2.909708e-04
4.800000e+00	4.900000e+00	1.765375e-03	4.004539e-04	4.004539e-04
4.900000e+00	5.000000e+00	8.439123e-04	2.091804e-04	2.091804e-04
# END HISTO1D

