# BEGIN PLOT
XTwosidedTicks=1
YTwosidedTicks=1
Title=$W \rightarrow e \nu$ (MC) vs $W \rightarrow \ell \nu$ (data), dressed level
RatioPlotReference=/REF/ATLAS_2014_I1319490/d35-x01-y01
RatioPlot=1
LogY=1
LegendXPos=0.1
XLabel=$S_\text{T}$ [GeV]
YLabel=$\text{d}\sigma_{W + \geq 4j} / \text{d}S_\text{T}$
DrawOnly=/REF/ATLAS_2014_I1319490/d35-x01-y01 /home/iwsatlas1/scyboz/Work/Herwig/LHC-Matchbox-TTBA-FULL_LO.yoda/ATLAS_2014_I1319490/d35-x01-y01
LegendYPos=0.3
Legend=1
LeftMargin=1.5
# END PLOT

# BEGIN HISTO1D /REF/ATLAS_2014_I1319490/d35-x01-y01
ConnectBins=0
ErrorBars=1
Path=/REF/ATLAS_2014_I1319490/d35-x01-y01
PolyMarker=*
Title=Data
# xlow	 xhigh	 val	 errminus	 errplus
1.200000e+02	1.300000e+02	8.199000e-04	9.988288e-04	9.988288e-04
1.300000e+02	1.400000e+02	2.421000e-03	1.086429e-03	1.086429e-03
1.400000e+02	1.500000e+02	6.525000e-03	2.015174e-03	2.015174e-03
1.500000e+02	1.600000e+02	9.153000e-03	2.388390e-03	2.388390e-03
1.600000e+02	1.700000e+02	1.213000e-02	2.717756e-03	2.717756e-03
1.700000e+02	1.800000e+02	1.449000e-02	3.228142e-03	3.228142e-03
1.800000e+02	1.900000e+02	1.579000e-02	3.232893e-03	3.232893e-03
1.900000e+02	2.000000e+02	1.682000e-02	3.312733e-03	3.312733e-03
2.000000e+02	2.200000e+02	1.802000e-02	3.642005e-03	3.642005e-03
2.200000e+02	2.400000e+02	1.795000e-02	3.906341e-03	3.906341e-03
2.400000e+02	2.600000e+02	1.703000e-02	3.609958e-03	3.609958e-03
2.600000e+02	2.800000e+02	1.528000e-02	3.224857e-03	3.224857e-03
2.800000e+02	3.000000e+02	1.337000e-02	2.642329e-03	2.642329e-03
3.000000e+02	3.200000e+02	1.187000e-02	2.291572e-03	2.291572e-03
3.200000e+02	3.400000e+02	1.076000e-02	2.018812e-03	2.018812e-03
3.400000e+02	3.600000e+02	9.661000e-03	1.843600e-03	1.843600e-03
3.600000e+02	3.800000e+02	8.266000e-03	1.618623e-03	1.618623e-03
3.800000e+02	4.000000e+02	6.903000e-03	1.393286e-03	1.393286e-03
4.000000e+02	4.400000e+02	5.512000e-03	1.091413e-03	1.091413e-03
4.400000e+02	5.000000e+02	4.064000e-03	7.734817e-04	7.734817e-04
5.000000e+02	6.500000e+02	1.966000e-03	3.438910e-04	3.438910e-04
6.500000e+02	1.000000e+03	4.716000e-04	8.258589e-05	8.258589e-05
1.000000e+03	1.400000e+03	5.035000e-05	1.340373e-05	1.340373e-05
1.400000e+03	2.000000e+03	5.246000e-06	2.484382e-06	2.484382e-06
# END HISTO1D

# BEGIN HISTO1D /home/iwsatlas1/scyboz/Work/Herwig/LHC-Matchbox-TTBA-FULL_LO.yoda/ATLAS_2014_I1319490/d35-x01-y01
LineColor={[HTML]{EE3311}}
LineStyle=solid
Path=/home/iwsatlas1/scyboz/Work/Herwig/LHC-Matchbox-TTBA-FULL_LO.yoda/ATLAS_2014_I1319490/d35-x01-y01
ScaledBy=0.020141384112503286
Title=LHC-Matchbox-TTBA-FULL_LO
XLabel=
YLabel=
# xlow	 xhigh	 val	 errminus	 errplus
1.200000e+02	1.300000e+02	0.000000e+00	0.000000e+00	0.000000e+00
1.300000e+02	1.400000e+02	0.000000e+00	0.000000e+00	0.000000e+00
1.400000e+02	1.500000e+02	2.014138e-03	2.014139e-03	2.014139e-03
1.500000e+02	1.600000e+02	6.042415e-03	4.503751e-03	4.503751e-03
1.600000e+02	1.700000e+02	2.014138e-02	7.536216e-03	7.536216e-03
1.700000e+02	1.800000e+02	2.618380e-02	9.229941e-03	9.229941e-03
1.800000e+02	1.900000e+02	3.021208e-02	1.046577e-02	1.046577e-02
1.900000e+02	2.000000e+02	1.611311e-02	1.208483e-02	1.208483e-02
2.000000e+02	2.200000e+02	5.438175e-02	9.659468e-03	9.659468e-03
2.200000e+02	2.400000e+02	7.250900e-02	1.065782e-02	1.065782e-02
2.400000e+02	2.600000e+02	5.841000e-02	9.763898e-03	9.763898e-03
2.600000e+02	2.800000e+02	6.646655e-02	1.075256e-02	1.075256e-02
2.800000e+02	3.000000e+02	5.136055e-02	9.606828e-03	9.606828e-03
3.000000e+02	3.200000e+02	4.128984e-02	9.500672e-03	9.500672e-03
3.200000e+02	3.400000e+02	5.236760e-02	9.339176e-03	9.339176e-03
3.400000e+02	3.600000e+02	3.927570e-02	8.243217e-03	8.243217e-03
3.600000e+02	3.800000e+02	2.920500e-02	7.331574e-03	7.331574e-03
3.800000e+02	4.000000e+02	3.625449e-02	6.977181e-03	6.977181e-03
4.000000e+02	4.400000e+02	2.618380e-02	4.559700e-03	4.559700e-03
4.400000e+02	5.000000e+02	1.174914e-02	2.945665e-03	2.945665e-03
5.000000e+02	6.500000e+02	9.265040e-03	1.513212e-03	1.513212e-03
6.500000e+02	1.000000e+03	9.782957e-04	3.098991e-04	3.098991e-04
1.000000e+03	1.400000e+03	0.000000e+00	7.121055e-05	7.121055e-05
1.400000e+03	2.000000e+03	-3.356897e-05	3.356898e-05	3.356898e-05
# END HISTO1D

