# BEGIN PLOT
XTwosidedTicks=1
YTwosidedTicks=1
Title=$W \rightarrow e \nu$ (MC) vs $W \rightarrow \ell \nu$ (data), dressed level
RatioPlotReference=/REF/ATLAS_2014_I1319490/d36-x01-y01
RatioPlot=1
LogY=1
LegendXPos=0.1
XLabel=$S_\text{T}$ [GeV]
YLabel=$\text{d}\sigma_{W + \geq 5j} / \text{d}S_\text{T}$
DrawOnly=/REF/ATLAS_2014_I1319490/d36-x01-y01 /home/iwsatlas1/scyboz/Work/Herwig/LHC-Matchbox-TTBA-FULL_LO.yoda/ATLAS_2014_I1319490/d36-x01-y01
LegendYPos=0.3
Legend=1
LeftMargin=1.5
# END PLOT

# BEGIN HISTO1D /REF/ATLAS_2014_I1319490/d36-x01-y01
ConnectBins=0
ErrorBars=1
Path=/REF/ATLAS_2014_I1319490/d36-x01-y01
PolyMarker=*
Title=Data
# xlow	 xhigh	 val	 errminus	 errplus
1.700000e+02	1.800000e+02	2.516000e-04	1.587435e-03	1.587435e-03
1.800000e+02	1.900000e+02	5.030000e-04	3.709028e-04	3.709028e-04
1.900000e+02	2.000000e+02	7.323000e-04	3.705198e-04	3.705198e-04
2.000000e+02	2.200000e+02	1.440000e-03	5.066764e-04	5.066764e-04
2.200000e+02	2.400000e+02	2.156000e-03	7.895024e-04	7.895024e-04
2.400000e+02	2.600000e+02	2.953000e-03	1.081441e-03	1.081441e-03
2.600000e+02	2.800000e+02	2.979000e-03	1.095672e-03	1.095672e-03
2.800000e+02	3.000000e+02	2.706000e-03	1.014350e-03	1.014350e-03
3.000000e+02	3.200000e+02	2.865000e-03	9.786143e-04	9.786143e-04
3.200000e+02	3.400000e+02	2.864000e-03	9.673820e-04	9.673820e-04
3.400000e+02	3.600000e+02	2.763000e-03	9.767472e-04	9.767472e-04
3.600000e+02	3.800000e+02	2.427000e-03	8.832859e-04	8.832859e-04
3.800000e+02	4.000000e+02	1.973000e-03	8.208910e-04	8.208910e-04
4.000000e+02	4.400000e+02	1.788000e-03	7.054403e-04	7.054403e-04
4.400000e+02	5.000000e+02	1.553000e-03	5.325908e-04	5.325908e-04
5.000000e+02	6.500000e+02	8.289000e-04	2.456349e-04	2.456349e-04
6.500000e+02	1.000000e+03	2.281000e-04	6.191195e-05	6.191195e-05
1.000000e+03	1.400000e+03	2.484000e-05	1.085511e-05	1.085511e-05
1.400000e+03	2.000000e+03	2.726000e-06	1.751693e-06	1.751693e-06
# END HISTO1D

# BEGIN HISTO1D /home/iwsatlas1/scyboz/Work/Herwig/LHC-Matchbox-TTBA-FULL_LO.yoda/ATLAS_2014_I1319490/d36-x01-y01
LineColor={[HTML]{EE3311}}
LineStyle=solid
Path=/home/iwsatlas1/scyboz/Work/Herwig/LHC-Matchbox-TTBA-FULL_LO.yoda/ATLAS_2014_I1319490/d36-x01-y01
ScaledBy=0.020141384112503286
Title=LHC-Matchbox-TTBA-FULL_LO
XLabel=
YLabel=
# xlow	 xhigh	 val	 errminus	 errplus
1.700000e+02	1.800000e+02	0.000000e+00	0.000000e+00	0.000000e+00
1.800000e+02	1.900000e+02	4.028277e-03	2.848422e-03	2.848422e-03
1.900000e+02	2.000000e+02	4.028277e-03	2.848422e-03	2.848422e-03
2.000000e+02	2.200000e+02	6.042415e-03	3.768108e-03	3.768108e-03
2.200000e+02	2.400000e+02	1.208483e-02	4.028277e-03	4.028277e-03
2.400000e+02	2.600000e+02	1.007069e-02	4.503750e-03	4.503750e-03
2.600000e+02	2.800000e+02	2.316259e-02	5.607125e-03	5.607125e-03
2.800000e+02	3.000000e+02	1.107776e-02	5.607125e-03	5.607125e-03
3.000000e+02	3.200000e+02	1.812725e-02	6.369264e-03	6.369264e-03
3.200000e+02	3.400000e+02	2.416966e-02	6.369264e-03	6.369264e-03
3.400000e+02	3.600000e+02	2.114846e-02	6.125763e-03	6.125763e-03
3.600000e+02	3.800000e+02	7.049485e-03	4.389713e-03	4.389713e-03
3.800000e+02	4.000000e+02	2.316259e-02	5.785173e-03	5.785173e-03
4.000000e+02	4.400000e+02	1.409897e-02	3.560528e-03	3.560528e-03
4.400000e+02	5.000000e+02	7.385175e-03	2.069330e-03	2.069330e-03
5.000000e+02	6.500000e+02	5.639587e-03	1.230659e-03	1.230659e-03
6.500000e+02	1.000000e+03	7.481086e-04	2.877340e-04	2.877340e-04
1.000000e+03	1.400000e+03	0.000000e+00	7.121055e-05	7.121055e-05
1.400000e+03	2.000000e+03	-3.356897e-05	3.356898e-05	3.356898e-05
# END HISTO1D

