# BEGIN PLOT
RatioPlotReference=WWbBCutsSherpa.yoda/ATLAS_sherpa/deltaRl
RatioPlot=1
DrawOnly=WWbBCutsSherpa.yoda/ATLAS_sherpa/deltaRl emubB_homemade.yoda/ATLAS_sherpa/deltaRl
Legend=1
LogY=1
# END PLOT

# BEGIN HISTO1D WWbBCutsSherpa.yoda/ATLAS_sherpa/deltaRl
ErrorBars=1
LineColor={[HTML]{EE3311}}
LineStyle=solid
Path=WWbBCutsSherpa.yoda/ATLAS_sherpa/deltaRl
ScaledBy=2.2340276683880514e-08
Title=WWbBCutsSherpa
XLabel=
YLabel=
# xlow	 xhigh	 val	 errminus	 errplus
0.000000e+00	1.000000e-01	8.720993e-03	9.088771e-05	9.088771e-05
1.000000e-01	2.000000e-01	2.602231e-02	1.554550e-04	1.554550e-04
2.000000e-01	3.000000e-01	4.321513e-02	2.007958e-04	2.007958e-04
3.000000e-01	4.000000e-01	6.059582e-02	2.391338e-04	2.391338e-04
4.000000e-01	5.000000e-01	7.795421e-02	2.701419e-04	2.701419e-04
5.000000e-01	6.000000e-01	9.493840e-02	2.994121e-04	2.994121e-04
6.000000e-01	7.000000e-01	1.111899e-01	3.210396e-04	3.210396e-04
7.000000e-01	8.000000e-01	1.279000e-01	3.444877e-04	3.444877e-04
8.000000e-01	9.000000e-01	1.446647e-01	3.639492e-04	3.639492e-04
9.000000e-01	1.000000e+00	1.608478e-01	3.801743e-04	3.801743e-04
1.000000e+00	1.100000e+00	1.759787e-01	3.960682e-04	3.960682e-04
1.100000e+00	1.200000e+00	1.926019e-01	4.148191e-04	4.148191e-04
1.200000e+00	1.300000e+00	2.082306e-01	4.293926e-04	4.293926e-04
1.300000e+00	1.400000e+00	2.242078e-01	4.428578e-04	4.428578e-04
1.400000e+00	1.500000e+00	2.391634e-01	4.541570e-04	4.541570e-04
1.500000e+00	1.600000e+00	2.546457e-01	4.685367e-04	4.685367e-04
1.600000e+00	1.700000e+00	2.697346e-01	4.775734e-04	4.775734e-04
1.700000e+00	1.800000e+00	2.854358e-01	4.884558e-04	4.884558e-04
1.800000e+00	1.900000e+00	3.008753e-01	4.989394e-04	4.989394e-04
1.900000e+00	2.000000e+00	3.159330e-01	5.059592e-04	5.059592e-04
2.000000e+00	2.100000e+00	3.314727e-01	5.150774e-04	5.150774e-04
2.100000e+00	2.200000e+00	3.468414e-01	5.284555e-04	5.284555e-04
2.200000e+00	2.300000e+00	3.614155e-01	5.333164e-04	5.333164e-04
2.300000e+00	2.400000e+00	3.775750e-01	5.394936e-04	5.394936e-04
2.400000e+00	2.500000e+00	3.909020e-01	5.473345e-04	5.473345e-04
2.500000e+00	2.600000e+00	4.052437e-01	5.566275e-04	5.566275e-04
2.600000e+00	2.700000e+00	4.192735e-01	5.603835e-04	5.603835e-04
2.700000e+00	2.800000e+00	4.302380e-01	5.763639e-04	5.763639e-04
2.800000e+00	2.900000e+00	4.410369e-01	5.764524e-04	5.764524e-04
2.900000e+00	3.000000e+00	4.502888e-01	5.747019e-04	5.747019e-04
3.000000e+00	3.100000e+00	4.587457e-01	5.779559e-04	5.779559e-04
3.100000e+00	3.200000e+00	4.053000e-01	5.514628e-04	5.514628e-04
3.200000e+00	3.300000e+00	2.676842e-01	4.545065e-04	4.545065e-04
3.300000e+00	3.400000e+00	1.973291e-01	3.912747e-04	3.912747e-04
3.400000e+00	3.500000e+00	1.509289e-01	3.471134e-04	3.471134e-04
3.500000e+00	3.600000e+00	1.158139e-01	3.064379e-04	3.064379e-04
3.600000e+00	3.700000e+00	8.869964e-02	2.715331e-04	2.715331e-04
3.700000e+00	3.800000e+00	6.767861e-02	2.366477e-04	2.366477e-04
3.800000e+00	3.900000e+00	5.156437e-02	2.111844e-04	2.111844e-04
3.900000e+00	4.000000e+00	3.906989e-02	1.829454e-04	1.829454e-04
4.000000e+00	4.100000e+00	2.937585e-02	1.601354e-04	1.601354e-04
4.100000e+00	4.200000e+00	2.200504e-02	1.407120e-04	1.407120e-04
4.200000e+00	4.300000e+00	1.617643e-02	1.203529e-04	1.203529e-04
4.300000e+00	4.400000e+00	1.173077e-02	1.036497e-04	1.036497e-04
4.400000e+00	4.500000e+00	8.702084e-03	9.132982e-05	9.132982e-05
4.500000e+00	4.600000e+00	6.241627e-03	7.729554e-05	7.729554e-05
4.600000e+00	4.700000e+00	4.408772e-03	6.618904e-05	6.618904e-05
4.700000e+00	4.800000e+00	2.935788e-03	5.334453e-05	5.334453e-05
4.800000e+00	4.900000e+00	2.003677e-03	4.410212e-05	4.410212e-05
4.900000e+00	5.000000e+00	1.406754e-03	3.775785e-05	3.775785e-05
# END HISTO1D

# BEGIN HISTO1D emubB_homemade.yoda/ATLAS_sherpa/deltaRl
ErrorBars=1
LineColor={[HTML]{3366FF}}
LineStyle=solid
Path=emubB_homemade.yoda/ATLAS_sherpa/deltaRl
ScaledBy=0.0012419526589890135
Title=emubB_homemade
XLabel=
YLabel=
# xlow	 xhigh	 val	 errminus	 errplus
0.000000e+00	1.000000e-01	8.662844e-03	3.935511e-04	3.935511e-04
1.000000e-01	2.000000e-01	2.585465e-02	6.707104e-04	6.707104e-04
2.000000e-01	3.000000e-01	4.391971e-02	9.398416e-04	9.398416e-04
3.000000e-01	4.000000e-01	6.196972e-02	1.879220e-03	1.879220e-03
4.000000e-01	5.000000e-01	7.688600e-02	1.228300e-03	1.228300e-03
5.000000e-01	6.000000e-01	9.610519e-02	3.444696e-03	3.444696e-03
6.000000e-01	7.000000e-01	1.124173e-01	1.662055e-03	1.662055e-03
7.000000e-01	8.000000e-01	1.304620e-01	1.821268e-03	1.821268e-03
8.000000e-01	9.000000e-01	1.443294e-01	1.694508e-03	1.694508e-03
9.000000e-01	1.000000e+00	1.618288e-01	2.209995e-03	2.209995e-03
1.000000e+00	1.100000e+00	1.789158e-01	1.926393e-03	1.926393e-03
1.100000e+00	1.200000e+00	1.947816e-01	2.054613e-03	2.054613e-03
1.200000e+00	1.300000e+00	2.113131e-01	2.226098e-03	2.226098e-03
1.300000e+00	1.400000e+00	2.237515e-01	2.215678e-03	2.215678e-03
1.400000e+00	1.500000e+00	2.408241e-01	2.248117e-03	2.248117e-03
1.500000e+00	1.600000e+00	2.552063e-01	2.299552e-03	2.299552e-03
1.600000e+00	1.700000e+00	2.693033e-01	2.491354e-03	2.491354e-03
1.700000e+00	1.800000e+00	2.815155e-01	2.298935e-03	2.298935e-03
1.800000e+00	1.900000e+00	3.038419e-01	2.621651e-03	2.621651e-03
1.900000e+00	2.000000e+00	3.151798e-01	2.501585e-03	2.501585e-03
2.000000e+00	2.100000e+00	3.360196e-01	2.783910e-03	2.783910e-03
2.100000e+00	2.200000e+00	3.503778e-01	2.895512e-03	2.895512e-03
2.200000e+00	2.300000e+00	3.689675e-01	3.419852e-03	3.419852e-03
2.300000e+00	2.400000e+00	3.782631e-01	2.680953e-03	2.680953e-03
2.400000e+00	2.500000e+00	3.931858e-01	2.815592e-03	2.815592e-03
2.500000e+00	2.600000e+00	4.034651e-01	2.684710e-03	2.684710e-03
2.600000e+00	2.700000e+00	4.239563e-01	2.845676e-03	2.845676e-03
2.700000e+00	2.800000e+00	4.339466e-01	2.952579e-03	2.952579e-03
2.800000e+00	2.900000e+00	4.474370e-01	2.826241e-03	2.826241e-03
2.900000e+00	3.000000e+00	4.622010e-01	3.027770e-03	3.027770e-03
3.000000e+00	3.100000e+00	4.622686e-01	3.117356e-03	3.117356e-03
3.100000e+00	3.200000e+00	4.113167e-01	2.734971e-03	2.734971e-03
3.200000e+00	3.300000e+00	2.690385e-01	2.203527e-03	2.203527e-03
3.300000e+00	3.400000e+00	1.986536e-01	1.991146e-03	1.991146e-03
3.400000e+00	3.500000e+00	1.526306e-01	1.716617e-03	1.716617e-03
3.500000e+00	3.600000e+00	1.177473e-01	1.459032e-03	1.459032e-03
3.600000e+00	3.700000e+00	8.827962e-02	1.223399e-03	1.223399e-03
3.700000e+00	3.800000e+00	6.820193e-02	1.132036e-03	1.132036e-03
3.800000e+00	3.900000e+00	5.228522e-02	9.583040e-04	9.583040e-04
3.900000e+00	4.000000e+00	3.903174e-02	7.967697e-04	7.967697e-04
4.000000e+00	4.100000e+00	3.039433e-02	1.461103e-03	1.461103e-03
4.100000e+00	4.200000e+00	2.155336e-02	6.084364e-04	6.084364e-04
4.200000e+00	4.300000e+00	1.635548e-02	5.126219e-04	5.126219e-04
4.300000e+00	4.400000e+00	1.176503e-02	6.796277e-04	6.796277e-04
4.400000e+00	4.500000e+00	9.086468e-03	4.086133e-04	4.086133e-04
4.500000e+00	4.600000e+00	6.372849e-03	3.053638e-04	3.053638e-04
4.600000e+00	4.700000e+00	4.280635e-03	2.807310e-04	2.807310e-04
4.700000e+00	4.800000e+00	3.483651e-03	2.386692e-04	2.386692e-04
4.800000e+00	4.900000e+00	1.808249e-03	1.277363e-04	1.277363e-04
4.900000e+00	5.000000e+00	1.136845e-03	9.326576e-05	9.326576e-05
# END HISTO1D

