# BEGIN PLOT
DrawOnly=emubB_homemade.yoda/ATLAS_sherpa/HT WWbBPOWHEGRES.yoda/ATLAS_sherpa/HT
Title=$W^+W^-b \bar{b}$ cross-section vs. final state pT sum
RatioPlotReference=emubB_homemade.yoda/ATLAS_sherpa/HT
RatioPlot=1
LogY=1
LegendXPos=0.65
XLabel=$H_T$
YLabel=$\mathrm{d}\sigma/{dH_T}$ [pb]
Legend=1
# END PLOT

# BEGIN HISTO1D emubB_homemade.yoda/ATLAS_sherpa/HT
ErrorBars=1
LineColor={[HTML]{EE3311}}
LineStyle=solid
Path=emubB_homemade.yoda/ATLAS_sherpa/HT
ScaledBy=0.0012419526589890135
Title=emubB_homemade
XLabel=
YLabel=
# xlow	 xhigh	 val	 errminus	 errplus
0.000000e+00	2.000000e+01	0.000000e+00	0.000000e+00	0.000000e+00
2.000000e+01	4.000000e+01	0.000000e+00	0.000000e+00	0.000000e+00
4.000000e+01	6.000000e+01	3.405506e-03	2.074019e-05	2.074019e-05
6.000000e+01	8.000000e+01	8.916580e-03	3.451387e-05	3.451387e-05
8.000000e+01	1.000000e+02	1.001091e-02	3.740413e-05	3.740413e-05
1.000000e+02	1.200000e+02	8.117650e-03	3.019395e-05	3.019395e-05
1.200000e+02	1.400000e+02	5.579120e-03	2.215466e-05	2.215466e-05
1.400000e+02	1.600000e+02	3.570071e-03	1.677748e-05	1.677748e-05
1.600000e+02	1.800000e+02	2.260674e-03	1.342879e-05	1.342879e-05
1.800000e+02	2.000000e+02	1.478177e-03	1.124745e-05	1.124745e-05
2.000000e+02	2.200000e+02	9.677095e-04	8.463058e-06	8.463058e-06
2.200000e+02	2.400000e+02	6.359395e-04	6.077160e-06	6.077160e-06
2.400000e+02	2.600000e+02	4.323856e-04	4.792438e-06	4.792438e-06
2.600000e+02	2.800000e+02	3.055682e-04	4.405468e-06	4.405468e-06
2.800000e+02	3.000000e+02	2.113562e-04	3.226381e-06	3.226381e-06
3.000000e+02	3.200000e+02	1.531394e-04	3.113884e-06	3.113884e-06
3.200000e+02	3.400000e+02	1.112140e-04	2.245210e-06	2.245210e-06
3.400000e+02	3.600000e+02	8.415650e-05	1.936594e-06	1.936594e-06
3.600000e+02	3.800000e+02	6.114630e-05	1.785464e-06	1.785464e-06
3.800000e+02	4.000000e+02	4.624890e-05	1.293136e-06	1.293136e-06
4.000000e+02	4.200000e+02	3.651765e-05	1.143779e-06	1.143779e-06
4.200000e+02	4.400000e+02	2.579243e-05	7.782951e-07	7.782951e-07
4.400000e+02	4.600000e+02	2.370338e-05	2.713058e-06	2.713058e-06
4.600000e+02	4.800000e+02	1.661002e-05	7.827033e-07	7.827033e-07
4.800000e+02	5.000000e+02	1.237028e-05	5.353877e-07	5.353877e-07
5.000000e+02	5.200000e+02	9.701860e-06	5.128092e-07	5.128092e-07
5.200000e+02	5.400000e+02	8.333725e-06	4.613764e-07	4.613764e-07
5.400000e+02	5.600000e+02	6.057565e-06	3.535379e-07	3.535379e-07
5.600000e+02	5.800000e+02	4.827957e-06	3.082924e-07	3.082924e-07
5.800000e+02	6.000000e+02	4.417219e-06	3.020313e-07	3.020313e-07
6.000000e+02	6.200000e+02	3.313517e-06	2.816910e-07	2.816910e-07
6.200000e+02	6.400000e+02	2.858114e-06	2.206469e-07	2.206469e-07
6.400000e+02	6.600000e+02	2.434704e-06	2.418370e-07	2.418370e-07
6.600000e+02	6.800000e+02	2.301549e-06	2.912197e-07	2.912197e-07
6.800000e+02	7.000000e+02	1.644618e-06	2.478334e-07	2.478334e-07
7.000000e+02	7.200000e+02	1.178966e-06	1.211412e-07	1.211412e-07
7.200000e+02	7.400000e+02	8.977685e-07	9.415397e-08	9.415397e-08
7.400000e+02	7.600000e+02	6.923155e-07	8.980856e-08	8.980856e-08
7.600000e+02	7.800000e+02	6.916490e-07	8.944187e-08	8.944187e-08
7.800000e+02	8.000000e+02	4.683406e-07	5.779710e-08	5.779710e-08
8.000000e+02	8.200000e+02	6.168210e-07	8.786667e-08	8.786667e-08
8.200000e+02	8.400000e+02	3.169908e-07	3.735258e-08	3.735258e-08
8.400000e+02	8.600000e+02	2.700440e-07	3.914451e-08	3.914451e-08
8.600000e+02	8.800000e+02	2.619883e-07	4.319175e-08	4.319175e-08
8.800000e+02	9.000000e+02	2.758265e-07	7.221504e-08	7.221504e-08
9.000000e+02	9.200000e+02	1.869840e-07	3.109809e-08	3.109809e-08
9.200000e+02	9.400000e+02	2.322539e-07	4.933359e-08	4.933359e-08
9.400000e+02	9.600000e+02	8.760620e-08	1.341222e-08	1.341222e-08
9.600000e+02	9.800000e+02	1.164811e-07	2.826652e-08	2.826652e-08
9.800000e+02	1.000000e+03	1.149449e-07	2.671476e-08	2.671476e-08
1.000000e+03	1.020000e+03	9.450205e-08	2.275579e-08	2.275579e-08
1.020000e+03	1.040000e+03	9.664015e-08	2.626581e-08	2.626581e-08
1.040000e+03	1.060000e+03	4.150010e-08	8.256514e-09	8.256514e-09
1.060000e+03	1.080000e+03	4.260694e-08	9.128673e-09	9.128673e-09
1.080000e+03	1.100000e+03	6.579095e-08	3.263054e-08	3.263054e-08
1.100000e+03	1.120000e+03	5.436315e-08	2.363280e-08	2.363280e-08
1.120000e+03	1.140000e+03	3.766217e-08	7.932987e-09	7.932987e-09
1.140000e+03	1.160000e+03	1.936545e-08	3.638563e-09	3.638563e-09
1.160000e+03	1.180000e+03	4.288533e-08	1.934442e-08	1.934442e-08
1.180000e+03	1.200000e+03	2.617397e-08	6.982118e-09	6.982118e-09
# END HISTO1D

# BEGIN HISTO1D WWbBPOWHEGRES.yoda/ATLAS_sherpa/HT
ErrorBars=1
LineColor={[HTML]{3366FF}}
LineStyle=solid
Path=WWbBPOWHEGRES.yoda/ATLAS_sherpa/HT
ScaledBy=9.9999999999999995e-07
Title=WWbBPOWHEGRES
XLabel=
YLabel=
# xlow	 xhigh	 val	 errminus	 errplus
0.000000e+00	2.000000e+01	0.000000e+00	0.000000e+00	0.000000e+00
2.000000e+01	4.000000e+01	0.000000e+00	0.000000e+00	0.000000e+00
4.000000e+01	6.000000e+01	3.211256e-03	1.933614e-05	1.933614e-05
6.000000e+01	8.000000e+01	8.676830e-03	3.178432e-05	3.178432e-05
8.000000e+01	1.000000e+02	1.022814e-02	3.450888e-05	3.450888e-05
1.000000e+02	1.200000e+02	8.655755e-03	3.174570e-05	3.174570e-05
1.200000e+02	1.400000e+02	6.264050e-03	2.700599e-05	2.700599e-05
1.400000e+02	1.600000e+02	4.207198e-03	2.213242e-05	2.213242e-05
1.600000e+02	1.800000e+02	2.755200e-03	1.791056e-05	1.791056e-05
1.800000e+02	2.000000e+02	1.820732e-03	1.455980e-05	1.455980e-05
2.000000e+02	2.200000e+02	1.200277e-03	1.182152e-05	1.182152e-05
2.200000e+02	2.400000e+02	8.199000e-04	9.770413e-06	9.770413e-06
2.400000e+02	2.600000e+02	5.656170e-04	8.115096e-06	8.115096e-06
2.600000e+02	2.800000e+02	3.923691e-04	6.758959e-06	6.758959e-06
2.800000e+02	3.000000e+02	2.854864e-04	5.765343e-06	5.765343e-06
3.000000e+02	3.200000e+02	2.029375e-04	4.860865e-06	4.860865e-06
3.200000e+02	3.400000e+02	1.505440e-04	4.186626e-06	4.186626e-06
3.400000e+02	3.600000e+02	1.024584e-04	3.453872e-06	3.453872e-06
3.600000e+02	3.800000e+02	8.278175e-05	3.104558e-06	3.104558e-06
3.800000e+02	4.000000e+02	5.891360e-05	2.619028e-06	2.619028e-06
4.000000e+02	4.200000e+02	4.564056e-05	2.305196e-06	2.305196e-06
4.200000e+02	4.400000e+02	3.143610e-05	1.913140e-06	1.913140e-06
4.400000e+02	4.600000e+02	2.642961e-05	1.754195e-06	1.754195e-06
4.600000e+02	4.800000e+02	1.956024e-05	1.509105e-06	1.509105e-06
4.800000e+02	5.000000e+02	1.758093e-05	1.430716e-06	1.430716e-06
5.000000e+02	5.200000e+02	1.210872e-05	1.187358e-06	1.187358e-06
5.200000e+02	5.400000e+02	9.896550e-06	1.073432e-06	1.073432e-06
5.400000e+02	5.600000e+02	9.314400e-06	1.041382e-06	1.041382e-06
5.600000e+02	5.800000e+02	7.917240e-06	9.601064e-07	9.601064e-07
5.800000e+02	6.000000e+02	6.636510e-06	8.790272e-07	8.790272e-07
6.000000e+02	6.200000e+02	3.842190e-06	6.688395e-07	6.688395e-07
6.200000e+02	6.400000e+02	4.773630e-06	7.455158e-07	7.455158e-07
6.400000e+02	6.600000e+02	3.609330e-06	6.482548e-07	6.482548e-07
6.600000e+02	6.800000e+02	3.143610e-06	6.049880e-07	6.049880e-07
6.800000e+02	7.000000e+02	2.910750e-06	5.821499e-07	5.821499e-07
7.000000e+02	7.200000e+02	3.842190e-06	6.688395e-07	6.688395e-07
7.200000e+02	7.400000e+02	2.445030e-06	5.335492e-07	5.335492e-07
7.400000e+02	7.600000e+02	1.630020e-06	4.356412e-07	4.356412e-07
7.600000e+02	7.800000e+02	1.630020e-06	4.356412e-07	4.356412e-07
7.800000e+02	8.000000e+02	9.314400e-07	3.293138e-07	3.293138e-07
8.000000e+02	8.200000e+02	1.746450e-06	4.509315e-07	4.509315e-07
8.200000e+02	8.400000e+02	1.397160e-06	4.033254e-07	4.033254e-07
8.400000e+02	8.600000e+02	8.150100e-07	3.080448e-07	3.080448e-07
8.600000e+02	8.800000e+02	6.985800e-07	2.851941e-07	2.851941e-07
8.800000e+02	9.000000e+02	4.657200e-07	2.328600e-07	2.328600e-07
9.000000e+02	9.200000e+02	9.314400e-07	3.293138e-07	3.293138e-07
9.200000e+02	9.400000e+02	1.164300e-06	3.681840e-07	3.681840e-07
9.400000e+02	9.600000e+02	0.000000e+00	0.000000e+00	0.000000e+00
9.600000e+02	9.800000e+02	5.821500e-07	2.603454e-07	2.603454e-07
9.800000e+02	1.000000e+03	4.657200e-07	2.328600e-07	2.328600e-07
1.000000e+03	1.020000e+03	6.985800e-07	2.851941e-07	2.851941e-07
1.020000e+03	1.040000e+03	2.328600e-07	1.646569e-07	1.646569e-07
1.040000e+03	1.060000e+03	3.492900e-07	2.016627e-07	2.016627e-07
1.060000e+03	1.080000e+03	0.000000e+00	0.000000e+00	0.000000e+00
1.080000e+03	1.100000e+03	1.164300e-07	1.164300e-07	1.164300e-07
1.100000e+03	1.120000e+03	0.000000e+00	0.000000e+00	0.000000e+00
1.120000e+03	1.140000e+03	2.328600e-07	1.646569e-07	1.646569e-07
1.140000e+03	1.160000e+03	1.164300e-07	1.164300e-07	1.164300e-07
1.160000e+03	1.180000e+03	0.000000e+00	0.000000e+00	0.000000e+00
1.180000e+03	1.200000e+03	0.000000e+00	0.000000e+00	0.000000e+00
# END HISTO1D

